1 0.26484375 0.47890625 0.0203125 0.046875
1 0.50234375 0.55390625 0.015625 0.0546875
1 0.58125 0.44609375 0.0125 0.040625
1 0.1390625 0.5609375 0.021875 0.05625
1 0.146875 0.446875 0.009375 0.040625
1 0.33046875 0.44609375 0.015625 0.040625
2 0.46796875 0.43515625 0.0125 0.034375
1 0.6359375 0.4453125 0.015625 0.04375
1 0.36328125 0.5375 0.0140625 0.05
1 0.553125 0.43984375 0.0171875 0.0609375
1 0.3546875 0.41484375 0.0140625 0.03125
1 0.07890625 0.45 0.009375 0.0390625
1 0.50859375 0.40234375 0.015625 0.05
1 0.246875 0.434375 0.0125 0.046875
1 0.21328125 0.4296875 0.0140625 0.046875
1 0.66640625 0.45390625 0.0125 0.053125
1 0.65078125 0.42578125 0.0109375 0.040625
1 0.6765625 0.4296875 0.0125 0.0328125
1 0.803125 0.428125 0.01875 0.046875
0 0.71796875 0.45234375 0.015625 0.01875
1 0.11171875 0.4984375 0.01875 0.0625