1 0.6609375 0.5421875 0.0125 0.0453125
1 0.3703125 0.57734375 0.015625 0.05625
1 0.33828125 0.64140625 0.0171875 0.059375
1 0.5890625 0.490625 0.0125 0.0375
1 0.334375 0.45234375 0.0125 0.034375
1 0.44609375 0.525 0.0109375 0.046875
1 0.36875 0.52109375 0.0125 0.04375
1 0.6796875 0.45234375 0.009375 0.03125
1 0.67265625 0.4703125 0.0078125 0.0328125
1 0.6640625 0.46015625 0.009375 0.0375
1 0.65625 0.45625 0.009375 0.028125
1 0.65703125 0.43359375 0.009375 0.028125
1 0.61015625 0.46171875 0.009375 0.0375
1 0.60859375 0.440625 0.00625 0.01875
1 0.5515625 0.4296875 0.009375 0.0359375
1 0.534375 0.46171875 0.009375 0.0359375
2 0.50390625 0.46328125 0.009375 0.0328125
1 0.26875 0.49921875 0.009375 0.040625
1 0.21484375 0.4984375 0.0109375 0.040625
1 0.228125 0.65390625 0.0171875 0.0625
1 0.18125 0.66015625 0.01875 0.06875
1 0.18984375 0.5703125 0.0140625 0.05625
0 0.65390625 0.453125 0.003125 0.00625