1 0.5171875 0.378125 0.015625 0.05
1 0.415625 0.38984375 0.015625 0.0546875
1 0.31875 0.53828125 0.0203125 0.078125
1 0.60546875 0.353125 0.0140625 0.046875
1 0.7140625 0.3640625 0.015625 0.0484375
1 0.71171875 0.634375 0.01875 0.0921875
2 0.98984375 0.790625 0.015625 0.1125
2 0.37578125 0.41015625 0.0125 0.05625
1 0.328125 0.3546875 0.0125 0.05
1 0.31484375 0.37109375 0.015625 0.05
1 0.64140625 0.303125 0.0125 0.0390625
1 0.178125 0.4640625 0.0171875 0.0609375
1 0.19140625 0.3953125 0.0125 0.0546875
1 0.54921875 0.3203125 0.0125 0.034375
1 0.4078125 0.30078125 0.015625 0.0375
1 0.46796875 0.321875 0.0109375 0.04375
1 0.496875 0.415625 0.0125 0.0453125
1 0.50078125 0.41015625 0.0140625 0.053125
1 0.26953125 0.31953125 0.0125 0.04375
1 0.2140625 0.40625 0.01875 0.0609375
1 0.19921875 0.5015625 0.0125 0.0625
1 0.29765625 0.30078125 0.009375 0.046875
1 0.48125 0.27421875 0.015625 0.040625
0 0.63125 0.3296875 0.009375 0.015625