1 0.46953125 0.72109375 0.021875 0.0875
1 0.4484375 0.43203125 0.015625 0.053125
1 0.66171875 0.38515625 0.0125 0.053125
1 0.41953125 0.34375 0.0140625 0.0515625
1 0.28046875 0.36015625 0.0125 0.04375
1 0.2390625 0.4640625 0.015625 0.05625
1 0.26328125 0.4640625 0.0171875 0.059375
1 0.1921875 0.39453125 0.0125 0.0484375
1 0.5578125 0.35390625 0.0140625 0.04375
1 0.8109375 0.32421875 0.01875 0.040625
1 0.43046875 0.92890625 0.10625 0.140625
1 0.665625 0.53515625 0.0203125 0.078125
1 0.3984375 0.3515625 0.0140625 0.05
1 0.55234375 0.290625 0.009375 0.03125
1 0.3078125 0.30625 0.0109375 0.0359375
1 0.2234375 0.3046875 0.0125 0.0375