1 0.67890625 0.65 0.0234375 0.0875
1 0.625 0.39140625 0.015625 0.0578125
1 0.38515625 0.44140625 0.0140625 0.05625
1 0.8125 0.3734375 0.015625 0.05
1 0.5828125 0.38984375 0.0140625 0.053125
1 0.32421875 0.4875 0.015625 0.0640625
2 0.48125 0.36640625 0.0125 0.04375
1 0.35546875 0.33203125 0.0125 0.040625
1 0.5796875 0.31953125 0.01875 0.046875
1 0.159375 0.44375 0.015625 0.0546875
1 0.85546875 0.4578125 0.0140625 0.059375
1 0.615625 0.27734375 0.0125 0.0328125
1 0.35625 0.4078125 0.015625 0.053125
1 0.25546875 0.3890625 0.015625 0.05
1 0.8328125 0.321875 0.0109375 0.0375
1 0.21015625 0.325 0.0125 0.04375
1 0.2390625 0.3234375 0.0140625 0.04375
1 0.35390625 0.2671875 0.0125 0.03125
1 0.57109375 0.49453125 0.025 0.065625
1 0.1703125 0.38359375 0.0203125 0.05
1 0.18125 0.434375 0.01875 0.053125
0 0.83984375 0.48125 0.009375 0.015625