1 0.28671875 0.53671875 0.0234375 0.0828125
1 0.33515625 0.44453125 0.01875 0.065625
1 0.37265625 0.37578125 0.015625 0.0625
1 0.39140625 0.37578125 0.01875 0.053125
1 0.3640625 0.51015625 0.01875 0.071875
1 0.4578125 0.48203125 0.021875 0.06875
1 0.48515625 0.38671875 0.0140625 0.059375
1 0.421875 0.3328125 0.0125 0.05
1 0.5359375 0.55390625 0.021875 0.0734375
1 0.5203125 0.321875 0.0125 0.0453125
1 0.53828125 0.30859375 0.0125 0.05
1 0.584375 0.34765625 0.0125 0.053125
1 0.7 0.68125 0.0265625 0.096875
1 0.8421875 0.52890625 0.025 0.078125
1 0.79453125 0.41796875 0.021875 0.059375
1 0.85078125 0.33984375 0.0125 0.059375
1 0.61796875 0.4671875 0.0171875 0.0671875
1 0.6421875 0.334375 0.015625 0.0515625
1 0.59609375 0.278125 0.009375 0.040625
1 0.4296875 0.42890625 0.0171875 0.0515625
0 0.68359375 0.70390625 0.0078125 0.01875
1 0.0390625 0.365625 0.015625 0.05625
2 0.4296875 0.4546875 0.021875 0.0625
2 0.9625 0.8625 0.04375 0.11875
2 0.49765625 0.25625 0.009375 0.03125