1 0.5578125 0.41171875 0.01875 0.040625
1 0.628125 0.4234375 0.0109375 0.05
1 0.615625 0.54296875 0.015625 0.0640625
1 0.6765625 0.50234375 0.0171875 0.0515625
2 0.546875 0.48828125 0.0140625 0.059375
1 0.46796875 0.38984375 0.0109375 0.0421875
1 0.2984375 0.42734375 0.0125 0.046875
1 0.31484375 0.48203125 0.015625 0.0515625
1 0.39375 0.48671875 0.0125 0.053125
1 0.39296875 0.55 0.0171875 0.065625
1 0.5171875 0.57578125 0.015625 0.065625
1 0.55234375 0.6328125 0.015625 0.075
1 0.2609375 0.6375 0.01875 0.071875
1 0.18828125 0.721875 0.021875 0.084375
0 0.20234375 0.7421875 0.009375 0.01875
1 0.10703125 0.58984375 0.028125 0.06875
1 0.81875 0.60546875 0.0171875 0.0640625
1 0.76875 0.63046875 0.01875 0.075
1 0.80390625 0.5640625 0.01875 0.071875
1 0.76953125 0.4921875 0.015625 0.059375
1 0.74453125 0.45546875 0.0140625 0.053125
1 0.72421875 0.44296875 0.015625 0.05