1 0.90078125 0.36484375 0.015625 0.04375
1 0.68515625 0.41328125 0.0125 0.04375
1 0.7203125 0.42578125 0.021875 0.053125
1 0.2609375 0.39453125 0.0109375 0.040625
1 0.2 0.50390625 0.0171875 0.05625
1 0.2296875 0.46328125 0.015625 0.053125
1 0.37578125 0.440625 0.0125 0.0515625
1 0.515625 0.34140625 0.0140625 0.034375
1 0.53359375 0.378125 0.009375 0.0375
1 0.67421875 0.63828125 0.01875 0.075
1 0.49296875 0.37734375 0.0125 0.040625
1 0.2453125 0.41328125 0.0125 0.0453125
1 0.60390625 0.34375 0.0125 0.0375
2 0.39140625 0.41484375 0.0109375 0.0484375
0 0.60859375 0.359375 0.003125 0.0078125
1 0.47109375 0.3046875 0.009375 0.0296875
1 0.37421875 0.36015625 0.009375 0.040625
1 0.33359375 0.34453125 0.0109375 0.0375
1 0.3921875 0.378125 0.009375 0.0359375
1 0.42578125 0.50390625 0.015625 0.053125
1 0.43828125 0.559375 0.015625 0.06875
1 0.14375 0.67734375 0.03125 0.08125
1 0.26640625 0.37890625 0.009375 0.040625