1 0.69609375 0.4640625 0.0203125 0.0796875
1 0.25078125 0.44453125 0.021875 0.065625
1 0.40703125 0.3671875 0.015625 0.0578125
1 0.38046875 0.46953125 0.01875 0.08125
1 0.37890625 0.36640625 0.015625 0.065625
1 0.8109375 0.36015625 0.028125 0.065625
1 0.63203125 0.36328125 0.025 0.0609375
1 0.64765625 0.4171875 0.0234375 0.078125
1 0.32265625 0.38203125 0.015625 0.06875
1 0.77890625 0.35390625 0.025 0.0625
1 0.6796875 0.30859375 0.0171875 0.0578125
1 0.5171875 0.4046875 0.025 0.078125
1 0.4921875 0.35703125 0.015625 0.053125
1 0.45859375 0.36171875 0.01875 0.0609375
1 0.465625 0.3546875 0.028125 0.071875
1 0.546875 0.3734375 0.01875 0.075
1 0.5140625 0.33359375 0.015625 0.05625
1 0.29140625 0.403125 0.01875 0.084375
1 0.27109375 0.38671875 0.015625 0.075
0 0.25703125 0.37734375 0.009375 0.01875