1 0.30546875 0.34609375 0.0125 0.046875
1 0.6890625 0.346875 0.01875 0.0484375
2 0.36875 0.40546875 0.015625 0.053125
1 0.5609375 0.609375 0.01875 0.0828125
1 0.428125 0.3109375 0.0125 0.040625
1 0.17265625 0.39296875 0.025 0.0625
1 0.23671875 0.5125 0.0234375 0.071875
1 0.15625 0.4609375 0.01875 0.096875
1 0.34765625 0.35234375 0.0125 0.04375
1 0.61484375 0.31015625 0.015625 0.04375
1 0.49375 0.41484375 0.015625 0.059375
1 0.515625 0.33828125 0.021875 0.065625
1 0.471875 0.3734375 0.0140625 0.0484375
2 0.90625 0.79296875 0.034375 0.1078125
1 0.39609375 0.38359375 0.0125 0.0546875
1 0.52265625 0.34453125 0.0171875 0.053125
1 0.3875 0.30546875 0.0109375 0.0375
1 0.28046875 0.2953125 0.0125 0.0359375
1 0.25390625 0.3078125 0.009375 0.040625
1 0.44765625 0.2765625 0.009375 0.0375
2 0.2578125 0.2796875 0.009375 0.0296875