1 0.4859375 0.53984375 0.01875 0.065625
1 0.34765625 0.6625 0.028125 0.0703125
1 0.64296875 0.4890625 0.015625 0.05625
1 0.2234375 0.553125 0.021875 0.05625
1 0.4375 0.41171875 0.0125 0.04375
1 0.75390625 0.48203125 0.0140625 0.0546875
1 0.87421875 0.47734375 0.01875 0.053125
1 0.3890625 0.7203125 0.021875 0.0875
1 0.50546875 0.39140625 0.0125 0.034375
1 0.7109375 0.53203125 0.01875 0.0625
1 0.303125 0.36875 0.0125 0.0375
1 0.27109375 0.5625 0.0203125 0.053125
1 0.5953125 0.49296875 0.015625 0.05
1 0.66640625 0.3734375 0.0125 0.03125
1 0.1609375 0.44375 0.0171875 0.040625
1 0.22578125 0.4515625 0.01875 0.04375
2 0.39140625 0.46484375 0.015625 0.046875
1 0.690625 0.540625 0.025 0.05
1 0.87265625 0.375 0.0125 0.0390625
1 0.17734375 0.390625 0.0203125 0.0453125
1 0.1421875 0.48359375 0.01875 0.053125
1 0.4 0.3359375 0.009375 0.040625
0 0.56171875 0.49765625 0.0171875 0.01875
2 0.1765625 0.33515625 0.0125 0.0265625