1 0.27421875 0.53515625 0.01875 0.075
1 0.596875 0.6265625 0.021875 0.0875
1 0.67734375 0.35234375 0.01875 0.046875
1 0.61953125 0.31015625 0.0125 0.040625
1 0.23671875 0.31875 0.0125 0.040625
1 0.3875 0.38828125 0.015625 0.05625
1 0.42578125 0.31484375 0.015625 0.0453125
2 0.35625 0.4109375 0.015625 0.059375
1 0.48046875 0.421875 0.0140625 0.053125
1 0.31953125 0.359375 0.0125 0.04375
1 0.50390625 0.33359375 0.0125 0.04375
1 0.2953125 0.3515625 0.0125 0.046875
1 0.5265625 0.35390625 0.015625 0.0515625
1 0.4703125 0.3734375 0.0109375 0.0453125
1 0.36953125 0.30546875 0.015625 0.040625
1 0.26796875 0.3015625 0.015625 0.0375
1 0.15625 0.39296875 0.015625 0.0484375
1 0.15234375 0.45625 0.015625 0.0609375
1 0.16484375 0.48984375 0.028125 0.065625
1 0.1765625 0.409375 0.025 0.05625
1 0.44140625 0.28125 0.015625 0.040625
2 0.2484375 0.27421875 0.0125 0.034375
2 0.92421875 0.7859375 0.0375 0.10625
0 0.66875 0.37265625 0.0125 0.0171875