1 0.31953125 0.4828125 0.034375 0.071875
1 0.16796875 0.51328125 0.0203125 0.075
1 0.25703125 0.4 0.01875 0.059375
1 0.28984375 0.39296875 0.01875 0.0515625
1 0.3390625 0.34765625 0.01875 0.046875
1 0.3515625 0.34296875 0.0140625 0.053125
1 0.36328125 0.325 0.0140625 0.0578125
1 0.3828125 0.3171875 0.0171875 0.05625
1 0.40625 0.3109375 0.01875 0.04375
1 0.4328125 0.359375 0.01875 0.0625
1 0.4203125 0.41875 0.021875 0.065625
1 0.5109375 0.31640625 0.0203125 0.05625
1 0.575 0.3390625 0.021875 0.05625
1 0.6109375 0.346875 0.01875 0.0609375
1 0.6125 0.46484375 0.015625 0.075
1 0.60546875 0.56484375 0.034375 0.09375
1 0.70078125 0.42578125 0.034375 0.0796875
1 0.74921875 0.3203125 0.0171875 0.0609375
1 0.85 0.45546875 0.0234375 0.071875
2 0.49140625 0.3953125 0.028125 0.0703125
2 0.6921875 0.75703125 0.0375 0.1671875
0 0.5609375 0.303125 0.009375 0.015625