1 0.49453125 0.51953125 0.01875 0.059375
1 0.84609375 0.45703125 0.01875 0.053125
1 0.48984375 0.7875 0.025 0.05625
1 0.41875 0.39453125 0.0125 0.040625
1 0.646875 0.3703125 0.0140625 0.04375
1 0.3796875 0.6515625 0.021875 0.08125
1 0.61953125 0.490625 0.0234375 0.0765625
1 0.75703125 0.4796875 0.015625 0.0578125
1 0.46484375 0.38984375 0.015625 0.0328125
1 0.23671875 0.53359375 0.015625 0.059375
1 0.7484375 0.5921875 0.025 0.06875
1 0.159375 0.52578125 0.0203125 0.0625
1 0.7796875 0.57734375 0.0203125 0.0625
1 0.1484375 0.8421875 0.021875 0.0953125
1 0.4109375 0.6796875 0.025 0.0796875
1 0.8859375 0.37890625 0.0140625 0.0390625
1 0.26171875 0.42734375 0.015625 0.04375
1 0.29609375 0.3671875 0.0109375 0.034375
1 0.39453125 0.334375 0.0125 0.0375