1 0.90078125 0.37265625 0.0125 0.0453125
1 0.48828125 0.5703125 0.0171875 0.071875
1 0.2 0.55625 0.0171875 0.06875
1 0.4140625 0.53359375 0.015625 0.0625
1 0.2625 0.40546875 0.0109375 0.0421875
1 0.3953125 0.46484375 0.0125 0.053125
1 0.48828125 0.365625 0.0125 0.0421875
1 0.5296875 0.41640625 0.0125 0.05
1 0.15625 0.70078125 0.01875 0.084375
1 0.56796875 0.40234375 0.0125 0.046875
1 0.63671875 0.34921875 0.015625 0.040625
1 0.2234375 0.44921875 0.0125 0.053125
1 0.32109375 0.3609375 0.009375 0.0390625
2 0.95703125 0.659375 0.015625 0.08125
1 0.38046875 0.40859375 0.009375 0.04375
1 0.69609375 0.434375 0.0109375 0.05
1 0.70859375 0.434375 0.0140625 0.053125
0 0.65703125 0.39765625 0.0046875 0.009375
2 0.37265625 0.434375 0.0078125 0.05
1 0.35625 0.37265625 0.009375 0.040625
1 0.26796875 0.39609375 0.009375 0.04375
1 0.2328125 0.490625 0.0125 0.059375
1 0.7171875 0.64609375 0.01875 0.0796875
1 0.4765625 0.30625 0.00625 0.0296875