1 0.39609375 0.55 0.03125 0.084375
1 0.2296875 0.48046875 0.01875 0.071875
1 0.14921875 0.6953125 0.028125 0.1015625
1 0.24140625 0.46015625 0.0125 0.06875
2 0.36796875 0.42109375 0.015625 0.0609375
1 0.65234375 0.65703125 0.021875 0.090625
1 0.53515625 0.4640625 0.01875 0.059375
1 0.5203125 0.3703125 0.0125 0.05
1 0.47109375 0.36328125 0.01875 0.0625
1 0.39453125 0.37890625 0.0140625 0.04375
1 0.384375 0.3578125 0.0109375 0.0375
1 0.35234375 0.3453125 0.015625 0.04375
1 0.41015625 0.44296875 0.01875 0.059375
1 0.2640625 0.37890625 0.015625 0.053125
1 0.24765625 0.4109375 0.0140625 0.0453125
1 0.68203125 0.41953125 0.0140625 0.059375
2 0.7390625 0.428125 0.0140625 0.065625
1 0.61796875 0.35390625 0.009375 0.053125
1 0.55703125 0.35078125 0.0140625 0.046875
1 0.4703125 0.30859375 0.0109375 0.0375
0 0.56328125 0.434375 0.0109375 0.015625