1 0.14765625 0.3859375 0.009375 0.046875
1 0.25 0.571875 0.021875 0.071875
1 0.2875 0.5046875 0.015625 0.071875
1 0.34921875 0.53125 0.015625 0.0703125
1 0.36171875 0.490625 0.015625 0.059375
1 0.35625 0.44765625 0.009375 0.05
1 0.35703125 0.42734375 0.009375 0.046875
1 0.38359375 0.40390625 0.0109375 0.05
1 0.39296875 0.40625 0.0109375 0.0484375
1 0.4203125 0.36328125 0.0125 0.0546875
1 0.47421875 0.3703125 0.0125 0.04375
1 0.4703125 0.41953125 0.01875 0.0546875
1 0.55859375 0.39453125 0.01875 0.0546875
1 0.57265625 0.47265625 0.0140625 0.059375
1 0.596875 0.46484375 0.0125 0.059375
1 0.646875 0.42734375 0.01875 0.05625
1 0.68046875 0.390625 0.0125 0.046875
1 0.73125 0.37421875 0.0125 0.046875
1 0.784375 0.51015625 0.0140625 0.075
1 0.82265625 0.46796875 0.0125 0.05625
1 0.56875 0.315625 0.0109375 0.05
2 0.45 0.44375 0.0140625 0.0625
2 0.98671875 0.709375 0.021875 0.090625
0 0.6015625 0.48046875 0.009375 0.01875