1 0.88359375 0.4375 0.0203125 0.059375
2 0.47734375 0.35546875 0.0125 0.0453125
1 0.175 0.36796875 0.0140625 0.04375
1 0.69921875 0.64375 0.021875 0.0890625
1 0.56640625 0.46953125 0.015625 0.0546875
1 0.61328125 0.26875 0.0125 0.0359375
1 0.81015625 0.3515625 0.015625 0.04375
1 0.5953125 0.3796875 0.0140625 0.05
1 0.3140625 0.46484375 0.015625 0.059375
1 0.16328125 0.4265625 0.01875 0.0578125
1 0.3515625 0.31796875 0.0125 0.0421875
1 0.18984375 0.421875 0.015625 0.05625
1 0.35 0.4296875 0.0171875 0.0546875
1 0.23203125 0.32109375 0.0125 0.040625
1 0.23046875 0.38125 0.015625 0.05
1 0.2078125 0.31328125 0.015625 0.04375
1 0.35 0.26171875 0.0125 0.034375
1 0.33515625 0.38515625 0.015625 0.053125
1 0.79765625 0.31171875 0.015625 0.0453125
1 0.578125 0.31171875 0.009375 0.040625
1 0.58828125 0.30234375 0.0109375 0.0375
1 0.58125 0.36796875 0.0125 0.05
1 0.88515625 0.4359375 0.01875 0.053125
0 0.87109375 0.4578125 0.0078125 0.0171875