1 0.81328125 0.5296875 0.015625 0.046875
1 0.6890625 0.56484375 0.015625 0.059375
1 0.828125 0.675 0.021875 0.075
1 0.78046875 0.546875 0.0125 0.040625
1 0.8671875 0.59765625 0.0171875 0.059375
2 0.59375 0.5015625 0.01875 0.065625
2 0.42734375 0.37265625 0.0109375 0.0328125
2 0.9609375 0.76875 0.0265625 0.0859375
1 0.87109375 0.6515625 0.025 0.078125
1 0.77734375 0.47890625 0.0125 0.046875
1 0.796875 0.48125 0.0109375 0.0484375
1 0.671875 0.440625 0.0171875 0.040625
1 0.625 0.42734375 0.0125 0.0484375
1 0.534375 0.3984375 0.0109375 0.0484375
1 0.4671875 0.5 0.01875 0.046875
1 0.5140625 0.59921875 0.0171875 0.075
1 0.48125 0.58515625 0.01875 0.06875
1 0.3984375 0.71796875 0.0265625 0.0796875
1 0.59296875 0.6484375 0.025 0.0765625
1 0.40390625 0.4875 0.0171875 0.05625
1 0.39453125 0.4421875 0.0125 0.04375
1 0.1734375 0.590625 0.01875 0.0703125