1 0.16640625 0.4828125 0.0140625 0.0453125
1 0.8109375 0.5046875 0.0125 0.05
1 0.228125 0.5671875 0.015625 0.0578125
1 0.3484375 0.5734375 0.015625 0.05
1 0.3640625 0.4609375 0.0125 0.046875
1 0.73359375 0.4765625 0.0125 0.0453125
1 0.65078125 0.509375 0.015625 0.05
1 0.58125 0.45546875 0.0125 0.040625
1 0.40625 0.49921875 0.0125 0.0546875
1 0.69375 0.40859375 0.0109375 0.0375
1 0.50390625 0.57421875 0.015625 0.05625
1 0.20078125 0.45546875 0.009375 0.05
1 0.309375 0.45703125 0.0125 0.040625
1 0.4171875 0.4203125 0.0109375 0.0375
2 0.546875 0.44765625 0.009375 0.0375
1 0.56875 0.42421875 0.009375 0.040625
1 0.8421875 0.4484375 0.0140625 0.028125
1 0.5484375 0.38828125 0.0140625 0.04375
1 0.26171875 0.42421875 0.0140625 0.040625
1 0.73515625 0.4359375 0.0125 0.03125
1 0.74296875 0.46015625 0.0125 0.04375
0 0.65234375 0.42109375 0.009375 0.0171875
1 0.1921875 0.44609375 0.00625 0.040625
2 0.1765625 0.40234375 0.0109375 0.04375