1 0.1578125 0.4671875 0.0203125 0.065625
1 0.209375 0.44375 0.0171875 0.05625
1 0.175 0.58671875 0.0203125 0.09375
1 0.2015625 0.63046875 0.01875 0.0859375
1 0.290625 0.50390625 0.021875 0.0625
1 0.3265625 0.54375 0.01875 0.0578125
1 0.33984375 0.5421875 0.01875 0.084375
1 0.31796875 0.46484375 0.0125 0.065625
1 0.25625 0.3921875 0.025 0.0625
1 0.23125 0.38828125 0.015625 0.0390625
1 0.2140625 0.41640625 0.01875 0.040625
1 0.44765625 0.415625 0.021875 0.05625
1 0.4078125 0.42265625 0.01875 0.0546875
1 0.45859375 0.353125 0.021875 0.046875
1 0.5453125 0.46171875 0.01875 0.0625
1 0.54140625 0.53515625 0.021875 0.06875
1 0.59765625 0.528125 0.0265625 0.078125
1 0.67734375 0.4515625 0.0171875 0.053125
1 0.7171875 0.46953125 0.01875 0.08125
1 0.6265625 0.38984375 0.025 0.059375
1 0.8953125 0.40078125 0.01875 0.071875
2 0.9203125 0.67890625 0.0296875 0.0875
2 0.35625 0.475 0.025 0.071875
0 0.5828125 0.45859375 0.021875 0.034375