1 0.71171875 0.49453125 0.0125 0.046875
1 0.48671875 0.56015625 0.015625 0.059375
1 0.5921875 0.4609375 0.0125 0.046875
1 0.42890625 0.51328125 0.0125 0.05625
1 0.51484375 0.4421875 0.0125 0.04375
1 0.7953125 0.46328125 0.0109375 0.0484375
1 0.29609375 0.446875 0.0109375 0.0390625
1 0.48203125 0.43515625 0.0125 0.040625
1 0.20390625 0.4734375 0.009375 0.0453125
2 0.4546875 0.459375 0.0125 0.046875
1 0.3546875 0.415625 0.0109375 0.0390625
1 0.7375 0.421875 0.009375 0.04375
0 0.73515625 0.4140625 0.003125 0.00625
1 0.7125 0.4109375 0.009375 0.0390625
1 0.68515625 0.4390625 0.0125 0.04375
1 0.6765625 0.4265625 0.0078125 0.040625
1 0.65546875 0.4171875 0.0125 0.0375
1 0.6421875 0.40625 0.009375 0.040625
1 0.5796875 0.37109375 0.009375 0.034375
1 0.49765625 0.66171875 0.0140625 0.075
1 0.37421875 0.646875 0.0125 0.071875
1 0.19296875 0.58515625 0.0125 0.0578125
1 0.17734375 0.55 0.0125 0.0578125