1 0.7390625 0.4875 0.0125 0.05
1 0.79453125 0.61953125 0.015625 0.06875
1 0.7296875 0.49140625 0.009375 0.046875
1 0.78046875 0.546875 0.0125 0.059375
1 0.6828125 0.65078125 0.021875 0.0546875
1 0.6578125 0.65625 0.0203125 0.065625
1 0.66796875 0.596875 0.015625 0.05
1 0.665625 0.56875 0.009375 0.0296875
1 0.5828125 0.69140625 0.0234375 0.0765625
1 0.61015625 0.45 0.009375 0.0359375
1 0.58515625 0.43125 0.0078125 0.034375
2 0.53828125 0.509375 0.0125 0.046875
1 0.51875 0.62265625 0.01875 0.05625
1 0.45390625 0.7421875 0.021875 0.071875
1 0.41875 0.6953125 0.01875 0.06875
1 0.4328125 0.61875 0.015625 0.0640625
1 0.41328125 0.5171875 0.0125 0.046875
1 0.4671875 0.41484375 0.009375 0.028125
1 0.34296875 0.50546875 0.0125 0.0453125
1 0.34140625 0.46875 0.0109375 0.034375
1 0.19921875 0.603125 0.021875 0.0640625
1 0.04921875 0.4890625 0.0109375 0.04375
0 0.64375 0.68125 0.00625 0.009375