1 0.171875 0.45234375 0.0234375 0.0546875
1 0.2203125 0.43125 0.01875 0.053125
1 0.22890625 0.53515625 0.021875 0.0671875
1 0.25625 0.534375 0.01875 0.05625
1 0.2328125 0.4 0.015625 0.046875
1 0.2609375 0.3734375 0.0140625 0.04375
1 0.2859375 0.37421875 0.015625 0.04375
1 0.35625 0.440625 0.0171875 0.0515625
1 0.38203125 0.4484375 0.0171875 0.05
2 0.4203125 0.4484375 0.015625 0.0515625
1 0.41640625 0.38984375 0.015625 0.04375
1 0.44453125 0.5015625 0.0203125 0.0609375
1 0.4703125 0.51953125 0.021875 0.059375
1 0.5015625 0.57890625 0.01875 0.06875
1 0.4875 0.39296875 0.015625 0.046875
1 0.4859375 0.34453125 0.0125 0.040625
1 0.53671875 0.44140625 0.015625 0.05625
1 0.59609375 0.375 0.0171875 0.0453125
1 0.60859375 0.55234375 0.021875 0.0640625
0 0.59609375 0.5828125 0.009375 0.015625
1 0.66953125 0.425 0.0125 0.05
1 0.6921875 0.43671875 0.0140625 0.05
1 0.928125 0.39375 0.0125 0.046875