1 0.66640625 0.6375 0.0375 0.0875
1 0.58203125 0.3578125 0.015625 0.046875
2 0.946875 0.7875 0.034375 0.109375
1 0.40234375 0.39296875 0.0125 0.0546875
1 0.31484375 0.5453125 0.0203125 0.075
1 0.6421875 0.30703125 0.0125 0.040625
1 0.68515625 0.36015625 0.0125 0.04375
2 0.35859375 0.4171875 0.0171875 0.053125
1 0.24609375 0.3234375 0.0125 0.0375
1 0.49140625 0.41015625 0.015625 0.0796875
1 0.5234375 0.3359375 0.015625 0.04375
1 0.2796875 0.303125 0.0125 0.0390625
1 0.17109375 0.40078125 0.015625 0.05625
1 0.196875 0.409375 0.015625 0.05625
1 0.1734375 0.465625 0.015625 0.075
1 0.19140625 0.5046875 0.021875 0.0609375
1 0.38046875 0.3109375 0.009375 0.0515625
1 0.45078125 0.328125 0.01875 0.04375
1 0.46171875 0.27890625 0.0125 0.0390625
1 0.49375 0.378125 0.01875 0.0484375
1 0.30859375 0.35625 0.01875 0.05625
1 0.32109375 0.36640625 0.01875 0.040625
0 0.6578125 0.365625 0.0125 0.0203125
2 0.26171875 0.28359375 0.009375 0.034375