1 0.18984375 0.42890625 0.0171875 0.059375
1 0.8484375 0.4390625 0.0171875 0.0625
1 0.440625 0.38828125 0.0125 0.046875
1 0.6796875 0.3796875 0.0125 0.0484375
2 0.6375 0.3515625 0.01875 0.0484375
1 0.28046875 0.359375 0.0140625 0.05
1 0.5078125 0.57421875 0.01875 0.0796875
1 0.871875 0.371875 0.01875 0.08125
1 0.44609375 0.334375 0.0125 0.046875
1 0.32421875 0.2984375 0.0125 0.040625
1 0.4265625 0.3015625 0.0109375 0.0375
1 0.71015625 0.33125 0.021875 0.05625
1 0.53671875 0.30859375 0.01875 0.0390625
1 0.81796875 0.30703125 0.025 0.05
1 0.76796875 0.29765625 0.025 0.0625
1 0.7421875 0.2953125 0.01875 0.05625
1 0.57890625 0.28984375 0.025 0.059375
1 0.553125 0.278125 0.01875 0.040625
1 0.09765625 0.36171875 0.034375 0.0796875