1 0.21484375 0.64375 0.034375 0.0875
1 0.25078125 0.49921875 0.01875 0.065625
1 0.27734375 0.4609375 0.015625 0.059375
1 0.29296875 0.4171875 0.0125 0.034375
1 0.29609375 0.45546875 0.0125 0.053125
1 0.3015625 0.403125 0.0125 0.0390625
1 0.3625 0.528125 0.01875 0.06875
1 0.38515625 0.515625 0.01875 0.0609375
1 0.39609375 0.42734375 0.015625 0.053125
1 0.39609375 0.3703125 0.009375 0.0375
1 0.37421875 0.35859375 0.0125 0.046875
1 0.5015625 0.3890625 0.009375 0.040625
1 0.51484375 0.3796875 0.015625 0.046875
1 0.5109375 0.31796875 0.009375 0.034375
1 0.51015625 0.5703125 0.021875 0.06875
1 0.46953125 0.57890625 0.015625 0.075
1 0.603125 0.3796875 0.01875 0.0515625
1 0.659375 0.36796875 0.009375 0.04375
1 0.75 0.48671875 0.015625 0.05625
1 0.76640625 0.4484375 0.0125 0.053125
1 0.96171875 0.390625 0.0140625 0.053125
2 0.42734375 0.4359375 0.0140625 0.0578125
2 0.92109375 0.66328125 0.021875 0.075