1 0.8296875 0.41953125 0.015625 0.0578125
1 0.721875 0.33203125 0.0171875 0.040625
1 0.30859375 0.4328125 0.025 0.06875
1 0.61875 0.26015625 0.0109375 0.03125
1 0.5515625 0.328125 0.0125 0.034375
1 0.3078125 0.35546875 0.0125 0.040625
2 0.446875 0.35234375 0.0140625 0.0453125
1 0.75859375 0.3078125 0.0125 0.0390625
1 0.525 0.359375 0.0125 0.04375
1 0.34921875 0.30234375 0.0125 0.0359375
1 0.5046875 0.446875 0.0171875 0.0546875
1 0.5828125 0.28984375 0.009375 0.0375
1 0.159375 0.40078125 0.015625 0.05625
1 0.1765625 0.4078125 0.015625 0.065625
1 0.165625 0.35 0.015625 0.04375
1 0.1890625 0.3609375 0.015625 0.053125
1 0.196875 0.30390625 0.0125 0.04375
1 0.20625 0.31328125 0.015625 0.040625
1 0.32421875 0.2578125 0.0109375 0.0375
1 0.5625 0.3 0.0125 0.04375
0 0.753125 0.32265625 0.00625 0.0109375
1 0.69375 0.6171875 0.021875 0.09375