1 0.64921875 0.66640625 0.03125 0.0953125
1 0.35859375 0.56015625 0.0234375 0.0875
1 0.14140625 0.71171875 0.04375 0.090625
1 0.23359375 0.48828125 0.021875 0.065625
1 0.228125 0.45859375 0.0125 0.05
1 0.24765625 0.4265625 0.01875 0.05
1 0.25234375 0.40859375 0.015625 0.046875
1 0.26328125 0.39453125 0.025 0.05
1 0.3453125 0.35546875 0.0125 0.046875
1 0.3734375 0.3609375 0.0125 0.046875
1 0.3890625 0.390625 0.0125 0.053125
1 0.484375 0.4640625 0.0234375 0.053125
1 0.55 0.471875 0.0171875 0.05625
1 0.51328125 0.37421875 0.0125 0.05625
1 0.5328125 0.3671875 0.0140625 0.05625
1 0.621875 0.365625 0.01875 0.05
1 0.73671875 0.43515625 0.015625 0.065625
1 0.6828125 0.43125 0.01875 0.0625
1 0.9046875 0.37265625 0.0140625 0.065625
1 0.4453125 0.36640625 0.0171875 0.05625
1 0.45703125 0.30703125 0.009375 0.040625
0 0.540625 0.48671875 0.0078125 0.0171875
2 0.359375 0.43046875 0.0125 0.075