1 0.1890625 0.5640625 0.015625 0.05625
1 0.41953125 0.5203125 0.0125 0.05
1 0.7 0.5265625 0.0125 0.046875
1 0.596875 0.47890625 0.0125 0.0421875
1 0.346875 0.44296875 0.0109375 0.0375
1 0.4640625 0.57578125 0.0171875 0.059375
1 0.3765625 0.66640625 0.021875 0.06875
1 0.3015625 0.471875 0.009375 0.040625
1 0.78125 0.47734375 0.0125 0.046875
1 0.5109375 0.50078125 0.0125 0.0484375
1 0.52890625 0.4546875 0.0125 0.0390625
1 0.73828125 0.4421875 0.0125 0.040625
1 0.71796875 0.440625 0.0125 0.04375
1 0.69453125 0.45546875 0.009375 0.0421875
1 0.6625 0.440625 0.0125 0.0421875
1 0.6578125 0.4 0.0125 0.0328125
1 0.6859375 0.44609375 0.0109375 0.040625
0 0.68359375 0.44140625 0.0046875 0.0078125
1 0.61953125 0.41875 0.009375 0.0390625
2 0.50234375 0.46953125 0.009375 0.04375
1 0.353125 0.65234375 0.0171875 0.06875
1 0.2109375 0.6203125 0.015625 0.059375
1 0.21015625 0.490625 0.0109375 0.046875