1 0.28359375 0.4828125 0.0375 0.096875
1 0.30703125 0.34453125 0.025 0.0625
1 0.2984375 0.29609375 0.015625 0.046875
1 0.36796875 0.375 0.028125 0.0734375
1 0.41484375 0.32578125 0.021875 0.0625
1 0.50546875 0.40546875 0.0296875 0.0796875
1 0.29765625 0.30078125 0.0109375 0.034375
0 0.3 0.3234375 0.00625 0.009375
1 0.4203125 0.290625 0.0078125 0.040625
1 0.43125 0.30390625 0.0109375 0.040625
1 0.5453125 0.31328125 0.01875 0.053125
1 0.5546875 0.38125 0.025 0.06875
1 0.59921875 0.36875 0.0203125 0.0640625
1 0.58046875 0.28671875 0.015625 0.0484375
1 0.60234375 0.28515625 0.01875 0.0484375
1 0.64765625 0.3265625 0.0234375 0.0625
1 0.7140625 0.36328125 0.021875 0.071875
1 0.746875 0.38515625 0.025 0.078125
1 0.78046875 0.4625 0.0203125 0.084375
1 0.6859375 0.6265625 0.0453125 0.1203125
2 0.5640625 0.340625 0.0171875 0.05