1 0.159375 0.46171875 0.01875 0.0578125
1 0.21953125 0.434375 0.01875 0.0515625
1 0.22890625 0.40703125 0.0125 0.05
1 0.25703125 0.38203125 0.0125 0.0375
1 0.2796875 0.38046875 0.0109375 0.046875
1 0.2046875 0.565625 0.01875 0.065625
1 0.25625 0.5734375 0.0234375 0.0578125
1 0.33515625 0.46875 0.015625 0.0515625
1 0.3328125 0.44296875 0.0140625 0.028125
2 0.3921875 0.45859375 0.01875 0.05
1 0.38828125 0.540625 0.015625 0.0625
1 0.38125 0.52265625 0.015625 0.0625
1 0.5109375 0.55546875 0.01875 0.0640625
1 0.5921875 0.5390625 0.015625 0.065625
0 0.58046875 0.55859375 0.009375 0.0125
1 0.5453125 0.4515625 0.0125 0.05
1 0.471875 0.40234375 0.0109375 0.0421875
1 0.47265625 0.3484375 0.0125 0.034375
1 0.60234375 0.38125 0.015625 0.0421875
1 0.67109375 0.43828125 0.0125 0.04375
1 0.69609375 0.446875 0.0140625 0.05
1 0.4109375 0.4015625 0.0125 0.040625
1 0.89453125 0.396875 0.0125 0.0453125