1 0.109375 0.4109375 0.028125 0.06875
1 0.21796875 0.4734375 0.01875 0.075
1 0.28125 0.428125 0.021875 0.053125
1 0.359375 0.4765625 0.028125 0.08125
1 0.39296875 0.4390625 0.021875 0.06875
1 0.425 0.3484375 0.0171875 0.0390625
1 0.4578125 0.353125 0.01875 0.0515625
1 0.446875 0.690625 0.0375 0.1125
1 0.51484375 0.37890625 0.025 0.059375
1 0.5671875 0.38125 0.0234375 0.05625
1 0.5984375 0.45703125 0.015625 0.0546875
1 0.62109375 0.44765625 0.0203125 0.0625
1 0.6578125 0.38125 0.015625 0.053125
1 0.70234375 0.33515625 0.01875 0.0421875
1 0.75234375 0.3671875 0.01875 0.065625
1 0.778125 0.36953125 0.01875 0.0421875
1 0.81328125 0.440625 0.01875 0.0546875
1 0.75546875 0.44609375 0.01875 0.0703125
1 0.725 0.55 0.021875 0.090625
2 0.59453125 0.409375 0.015625 0.046875