1 0.28984375 0.46640625 0.015625 0.0578125
1 0.7984375 0.4875 0.01875 0.0625
1 0.878125 0.459375 0.015625 0.059375
2 0.43828125 0.40078125 0.015625 0.0625
1 0.77578125 0.3484375 0.0125 0.04375
1 0.50546875 0.37890625 0.0125 0.04375
1 0.40546875 0.36171875 0.015625 0.046875
1 0.5796875 0.41875 0.0171875 0.053125
1 0.7140625 0.42890625 0.01875 0.053125
1 0.3515625 0.41015625 0.015625 0.053125
1 0.38671875 0.4578125 0.0140625 0.05625
1 0.23515625 0.546875 0.01875 0.0671875
1 0.540625 0.353125 0.0125 0.04375
1 0.10703125 0.35390625 0.0125 0.046875
1 0.334375 0.42734375 0.015625 0.053125
1 0.38515625 0.51953125 0.015625 0.065625
1 0.68125 0.3765625 0.0109375 0.05
1 0.6671875 0.396875 0.015625 0.05
1 0.60625 0.2796875 0.0125 0.04375
1 0.47265625 0.309375 0.015625 0.0421875
1 0.46953125 0.346875 0.0125 0.0421875
0 0.70234375 0.396875 0.0109375 0.025