1 0.1625 0.34765625 0.01875 0.059375
1 0.375 0.27890625 0.015625 0.05625
1 0.50703125 0.359375 0.01875 0.05625
1 0.2 0.44609375 0.021875 0.075
1 0.31484375 0.30859375 0.0171875 0.0546875
1 0.353125 0.36328125 0.01875 0.065625
1 0.40703125 0.28359375 0.015625 0.053125
1 0.69453125 0.4203125 0.01875 0.078125
1 0.81015625 0.30390625 0.015625 0.0546875
1 0.25625 0.29375 0.0125 0.0265625
1 0.7390625 0.2828125 0.0171875 0.05625
1 0.62265625 0.3125 0.0109375 0.053125
1 0.22265625 0.33515625 0.015625 0.0625
1 0.52109375 0.24921875 0.0125 0.046875
1 0.671875 0.25234375 0.0203125 0.0453125
1 0.446875 0.321875 0.021875 0.06875
1 0.40546875 0.38359375 0.021875 0.0890625
2 0.63515625 0.34609375 0.01875 0.065625
2 0.26015625 0.34140625 0.015625 0.075
0 0.42109375 0.21015625 0.00625 0.01875