1 0.7890625 0.49453125 0.0171875 0.053125
1 0.28984375 0.4890625 0.0171875 0.05625
1 0.8484375 0.46328125 0.0171875 0.0578125
1 0.628125 0.425 0.015625 0.0421875
1 0.59765625 0.43984375 0.015625 0.04375
2 0.4359375 0.428125 0.0125 0.04375
1 0.37734375 0.46953125 0.015625 0.05
1 0.40078125 0.3828125 0.015625 0.04375
1 0.3671875 0.5234375 0.0125 0.090625
1 0.24921875 0.55390625 0.021875 0.075
1 0.34453125 0.44609375 0.0125 0.0703125
1 0.35859375 0.421875 0.015625 0.075
1 0.43671875 0.340625 0.015625 0.0515625
1 0.47890625 0.36171875 0.0125 0.053125
1 0.49140625 0.403125 0.015625 0.05625
1 0.5375 0.378125 0.01875 0.0515625
1 0.584375 0.29375 0.0125 0.05625
1 0.68359375 0.38203125 0.01875 0.04375
1 0.69296875 0.42578125 0.021875 0.0484375
1 0.7421875 0.36640625 0.0125 0.0515625
1 0.134375 0.36796875 0.015625 0.0609375
0 0.63828125 0.43984375 0.009375 0.015625