1 0.70546875 0.58984375 0.021875 0.0859375
1 0.2765625 0.4453125 0.0125 0.05625
1 0.6625 0.34765625 0.0171875 0.05
1 0.275 0.35546875 0.0125 0.04375
1 0.7703125 0.40859375 0.01875 0.059375
1 0.1796875 0.30390625 0.0171875 0.040625
1 0.30078125 0.43671875 0.015625 0.05625
1 0.14375 0.353125 0.015625 0.05625
1 0.4796875 0.29921875 0.0125 0.040625
1 0.33125 0.3046875 0.0125 0.0375
1 0.471875 0.4390625 0.0125 0.053125
1 0.18046875 0.403125 0.015625 0.053125
1 0.42890625 0.35234375 0.0109375 0.0453125
1 0.58046875 0.28046875 0.009375 0.034375
1 0.6 0.25859375 0.0109375 0.03125
1 0.446875 0.35625 0.0109375 0.05
1 0.4625 0.33046875 0.015625 0.046875
1 0.16328125 0.40234375 0.01875 0.05625
1 0.77578125 0.3109375 0.0140625 0.046875
0 0.7625 0.32578125 0.00625 0.0125