1 0.1953125 0.4875 0.0203125 0.08125
1 0.21484375 0.44453125 0.025 0.0546875
1 0.30078125 0.46953125 0.025 0.0609375
1 0.296875 0.4203125 0.01875 0.05
1 0.33828125 0.64140625 0.0328125 0.1
1 0.45234375 0.43125 0.01875 0.0578125
1 0.33515625 0.359375 0.0140625 0.046875
1 0.36171875 0.3625 0.0140625 0.053125
1 0.43515625 0.3796875 0.0125 0.0375
1 0.471875 0.38671875 0.01875 0.040625
1 0.5078125 0.42578125 0.01875 0.0578125
2 0.53125 0.41015625 0.01875 0.0484375
1 0.51171875 0.34609375 0.0171875 0.0375
1 0.55703125 0.37265625 0.01875 0.04375
1 0.58828125 0.4046875 0.021875 0.053125
1 0.615625 0.36328125 0.015625 0.04375
1 0.63125 0.35859375 0.0125 0.04375
1 0.68515625 0.34296875 0.015625 0.0359375
1 0.6859375 0.3609375 0.0140625 0.0390625
1 0.69921875 0.40625 0.01875 0.046875
1 0.6296875 0.51171875 0.01875 0.071875
0 0.51328125 0.353125 0.0125 0.015625