2 0.496875 0.36953125 0.0140625 0.05
1 0.42578125 0.49765625 0.025 0.06875
1 0.725 0.509375 0.01875 0.071875
1 0.6140625 0.37421875 0.01875 0.06875
1 0.81171875 0.378125 0.0140625 0.0546875
1 0.74765625 0.32109375 0.0140625 0.046875
1 0.303125 0.33359375 0.0140625 0.046875
1 0.47890625 0.30234375 0.015625 0.05625
1 0.3765625 0.44921875 0.015625 0.059375
1 0.246875 0.39453125 0.021875 0.05625
1 0.60390625 0.3078125 0.0140625 0.034375
1 0.5796875 0.3171875 0.0109375 0.03125
1 0.41015625 0.3453125 0.0125 0.04375
1 0.41015625 0.29609375 0.0125 0.0421875
1 0.5625 0.28828125 0.0125 0.0375
1 0.53515625 0.32265625 0.015625 0.040625
1 0.52578125 0.3453125 0.0125 0.05
0 0.625 0.325 0.0125 0.0171875
1 0.69140625 0.28203125 0.009375 0.0375