1 0.4046875 0.5515625 0.025 0.065625
1 0.25390625 0.50546875 0.01875 0.0515625
1 0.63046875 0.44140625 0.015625 0.04375
1 0.51796875 0.4265625 0.0125 0.0421875
2 0.4140625 0.42734375 0.0125 0.04375
1 0.4921875 0.41640625 0.0125 0.0421875
1 0.8734375 0.4078125 0.0125 0.03125
1 0.20546875 0.45078125 0.015625 0.05
1 0.56796875 0.4015625 0.015625 0.0453125
1 0.60859375 0.42109375 0.015625 0.04375
1 0.6203125 0.4015625 0.0125 0.0359375
1 0.5546875 0.41640625 0.015625 0.04375
1 0.50625 0.41953125 0.0140625 0.04375
1 0.44375 0.37265625 0.015625 0.0375
1 0.28984375 0.41328125 0.0140625 0.04375
1 0.28828125 0.38046875 0.015625 0.034375
1 0.2203125 0.39375 0.0125 0.0390625
1 0.20625 0.39609375 0.0125 0.0390625
1 0.121875 0.41484375 0.015625 0.0421875
1 0.06484375 0.53828125 0.021875 0.059375
1 0.0703125 0.471875 0.015625 0.0546875
1 0.04921875 0.41875 0.0140625 0.04375
0 0.56875 0.41875 0.003125 0.0078125