1 0.6421875 0.49453125 0.0203125 0.0625
1 0.6984375 0.6546875 0.01875 0.0796875
1 0.8203125 0.5640625 0.0203125 0.065625
1 0.13046875 0.59375 0.0171875 0.06875
1 0.57734375 0.43046875 0.0171875 0.04375
1 0.78203125 0.48203125 0.015625 0.053125
1 0.1984375 0.46875 0.0125 0.0515625
1 0.46875 0.46015625 0.0171875 0.04375
1 0.76328125 0.60859375 0.015625 0.065625
1 0.528125 0.47421875 0.0125 0.04375
1 0.4375 0.5890625 0.015625 0.065625
1 0.31875 0.48984375 0.015625 0.0515625
1 0.53984375 0.4296875 0.0109375 0.04375
1 0.3375 0.4296875 0.0125 0.04375
1 0.76328125 0.48515625 0.015625 0.05625
1 0.46484375 0.56953125 0.015625 0.05625
1 0.43046875 0.47265625 0.0125 0.04375
1 0.9546875 0.9640625 0.03125 0.071875
1 0.41171875 0.7296875 0.028125 0.09375
1 0.38828125 0.43203125 0.015625 0.05
1 0.82421875 0.64453125 0.025 0.08125
0 0.3859375 0.47578125 0.00625 0.01875
2 0.33671875 0.35 0.009375 0.034375