1 0.73359375 0.35859375 0.0125 0.046875
1 0.75546875 0.41015625 0.01875 0.05
1 0.58671875 0.34140625 0.0125 0.040625
1 0.2859375 0.42109375 0.0125 0.05
1 0.1578125 0.33671875 0.0109375 0.040625
1 0.27265625 0.371875 0.01875 0.04375
1 0.2515625 0.33671875 0.0125 0.0375
1 0.6453125 0.3328125 0.0125 0.040625
1 0.40078125 0.53515625 0.015625 0.071875
1 0.08125 0.47109375 0.015625 0.05625
1 0.40625 0.33671875 0.0109375 0.0375
2 0.53203125 0.371875 0.0125 0.0453125
1 0.14453125 0.39765625 0.0140625 0.05
1 0.721875 0.35546875 0.0125 0.05
0 0.7140625 0.32890625 0.0046875 0.0078125
1 0.5265625 0.35078125 0.015625 0.0390625
1 0.50546875 0.39296875 0.0125 0.05
1 0.50078125 0.340625 0.0140625 0.040625
1 0.52578125 0.315625 0.009375 0.0375
1 0.37421875 0.3078125 0.0125 0.0390625
1 0.35 0.3296875 0.009375 0.04375
1 0.346875 0.31953125 0.009375 0.0328125