1 0.7515625 0.50234375 0.01875 0.05625
1 0.3640625 0.4890625 0.0171875 0.0625
1 0.5921875 0.359375 0.0125 0.04375
1 0.4859375 0.328125 0.0125 0.0375
1 0.25390625 0.3890625 0.015625 0.053125
1 0.62421875 0.37421875 0.0140625 0.05
1 0.3921875 0.3359375 0.0125 0.046875
1 0.78203125 0.36875 0.0140625 0.046875
1 0.3203125 0.446875 0.0125 0.05
1 0.71875 0.3078125 0.0125 0.040625
1 0.3078125 0.321875 0.0125 0.04375
1 0.50546875 0.315625 0.0125 0.040625
1 0.2359375 0.38828125 0.015625 0.05625
1 0.24609375 0.3890625 0.0296875 0.05625
1 0.49296875 0.315625 0.0125 0.040625
1 0.42109375 0.28828125 0.009375 0.046875
1 0.4734375 0.29609375 0.0078125 0.040625
1 0.48203125 0.284375 0.0125 0.0328125
1 0.56796875 0.2828125 0.0125 0.040625
1 0.6 0.2875 0.0140625 0.0421875
1 0.68984375 0.28046875 0.00625 0.040625
2 0.49296875 0.3625 0.0125 0.046875
2 0.33203125 0.275 0.0125 0.034375