1 0.56953125 0.47265625 0.0125 0.0390625
1 0.39765625 0.51953125 0.0140625 0.05
1 0.76015625 0.47109375 0.0125 0.04375
1 0.4375 0.4703125 0.0125 0.040625
1 0.15234375 0.55703125 0.015625 0.05
1 0.6828125 0.50703125 0.0125 0.04375
1 0.2765625 0.459375 0.0125 0.040625
1 0.6171875 0.4140625 0.009375 0.034375
1 0.328125 0.42890625 0.009375 0.034375
1 0.45390625 0.57265625 0.015625 0.059375
1 0.178125 0.6015625 0.015625 0.05625
1 0.4375 0.6671875 0.01875 0.071875
1 0.48984375 0.4640625 0.0109375 0.04375
1 0.69765625 0.43046875 0.0140625 0.040625
1 0.3328125 0.65859375 0.01875 0.075
1 0.18125 0.49296875 0.0125 0.0515625
1 0.4734375 0.44375 0.009375 0.04375
1 0.5828125 0.38046875 0.009375 0.0296875
1 0.66640625 0.42421875 0.00625 0.0296875
1 0.6515625 0.434375 0.0109375 0.0421875
1 0.67578125 0.45 0.015625 0.05
1 0.6921875 0.41875 0.0109375 0.0375