2 0.97109375 0.88125 0.03125 0.121875
1 0.20703125 0.37421875 0.01875 0.059375
1 0.23359375 0.53125 0.01875 0.078125
1 0.5890625 0.40625 0.0171875 0.059375
1 0.3640625 0.40703125 0.015625 0.059375
1 0.73203125 0.46640625 0.015625 0.065625
1 0.4640625 0.2984375 0.0140625 0.0453125
1 0.31640625 0.3375 0.015625 0.053125
1 0.52421875 0.378125 0.0140625 0.053125
1 0.8484375 0.33828125 0.015625 0.05625
1 0.4859375 0.35234375 0.0125 0.046875
1 0.6828125 0.3546875 0.0125 0.053125
1 0.36953125 0.33125 0.01875 0.053125
1 0.73828125 0.278125 0.0125 0.04375
1 0.39609375 0.2828125 0.0125 0.0453125
1 0.78125 0.31015625 0.015625 0.046875
2 0.65546875 0.35703125 0.0125 0.0546875
1 0.2875 0.3609375 0.015625 0.053125
1 0.27109375 0.3546875 0.015625 0.034375
1 0.55 0.34296875 0.015625 0.059375
1 0.603125 0.346875 0.015625 0.05
0 0.2703125 0.35234375 0.009375 0.01875
2 0.47890625 0.23671875 0.0125 0.0390625
1 0.60078125 0.27421875 0.0171875 0.0484375