1 0.3171875 0.58203125 0.021875 0.05625
1 0.678125 0.5421875 0.0171875 0.05
1 0.13515625 0.6359375 0.01875 0.0625
1 0.20625 0.50234375 0.0125 0.0375
1 0.44140625 0.5390625 0.015625 0.05
1 0.1875 0.57578125 0.01875 0.0546875
1 0.59140625 0.44453125 0.0109375 0.034375
1 0.31484375 0.5046875 0.0109375 0.0390625
1 0.51796875 0.49921875 0.01875 0.0375
1 0.325 0.5484375 0.0125 0.046875
1 0.5546875 0.5484375 0.015625 0.046875
1 0.54375 0.49921875 0.015625 0.04375
0 0.553125 0.51171875 0.0046875 0.0078125
2 0.43046875 0.47421875 0.01875 0.040625
1 0.53984375 0.43359375 0.0109375 0.034375
1 0.54453125 0.45625 0.015625 0.034375
1 0.55546875 0.46484375 0.0140625 0.0359375
1 0.640625 0.4796875 0.015625 0.046875
1 0.6546875 0.6140625 0.025 0.0578125
1 0.809375 0.44140625 0.0125 0.0328125
2 0.8546875 0.66640625 0.0171875 0.059375
1 0.340625 0.43203125 0.0125 0.034375
1 0.2515625 0.68515625 0.021875 0.065625
1 0.24296875 0.653125 0.01875 0.0625