1 0.128125 0.50078125 0.021875 0.05625
1 0.1796875 0.4046875 0.015625 0.04375
1 0.26640625 0.4296875 0.0171875 0.04375
1 0.31875 0.49296875 0.0171875 0.0578125
1 0.37265625 0.4625 0.0125 0.059375
1 0.41015625 0.35546875 0.0125 0.0375
1 0.45078125 0.365625 0.0125 0.0375
1 0.5078125 0.39765625 0.0125 0.046875
1 0.528125 0.40390625 0.0125 0.0421875
1 0.5171875 0.42421875 0.0125 0.0375
1 0.70078125 0.57421875 0.01875 0.071875
1 0.76171875 0.47890625 0.0234375 0.05625
1 0.79609375 0.46875 0.015625 0.0609375
1 0.6328125 0.484375 0.0140625 0.065625
1 0.6453125 0.47109375 0.0140625 0.059375
1 0.64609375 0.38984375 0.0125 0.0421875
1 0.76796875 0.39921875 0.015625 0.05
1 0.746875 0.38828125 0.009375 0.046875
1 0.734375 0.359375 0.0109375 0.0390625
1 0.7265625 0.35859375 0.0125 0.0375
1 0.7046875 0.34609375 0.0109375 0.0375
1 0.4734375 0.7609375 0.028125 0.103125
0 0.72890625 0.37265625 0.0046875 0.00625