1 0.4 0.5234375 0.021875 0.059375
1 0.74921875 0.415625 0.0171875 0.046875
1 0.5828125 0.3671875 0.0109375 0.0375
1 0.6375 0.353125 0.0125 0.034375
1 0.271875 0.39375 0.01875 0.0453125
1 0.53671875 0.3734375 0.015625 0.0375
1 0.71015625 0.37421875 0.0125 0.03125
1 0.50859375 0.40390625 0.015625 0.0390625
1 0.11171875 0.48828125 0.015625 0.05625
1 0.9921875 0.3875 0.015625 0.040625
1 0.27890625 0.4453125 0.015625 0.046875
1 0.3890625 0.3609375 0.0109375 0.040625
1 0.1546875 0.415625 0.0125 0.05
1 0.1546875 0.3640625 0.0125 0.040625
1 0.23671875 0.36015625 0.009375 0.040625
1 0.3265625 0.34765625 0.0109375 0.034375
1 0.36484375 0.33203125 0.0125 0.0375
0 0.59296875 0.39453125 0.0046875 0.0078125
2 0.51328125 0.38515625 0.00625 0.03125
1 0.51171875 0.36015625 0.0078125 0.034375
1 0.509375 0.33125 0.0109375 0.0328125
1 0.70078125 0.37265625 0.0125 0.0375