1 0.32578125 0.6578125 0.0234375 0.0703125
1 0.44296875 0.5671875 0.0171875 0.059375
1 0.18671875 0.559375 0.0171875 0.05625
1 0.49453125 0.50703125 0.0125 0.05
1 0.40625 0.51484375 0.015625 0.046875
1 0.75390625 0.46953125 0.0125 0.04375
1 0.6828125 0.5265625 0.015625 0.0484375
1 0.35390625 0.6390625 0.0171875 0.0625
2 0.515625 0.46015625 0.0125 0.0421875
1 0.5921875 0.4765625 0.015625 0.040625
1 0.7328125 0.440625 0.0125 0.034375
1 0.70234375 0.44140625 0.009375 0.040625
1 0.6734375 0.45 0.009375 0.040625
1 0.64609375 0.4375 0.0125 0.0390625
1 0.66484375 0.44375 0.009375 0.0375
1 0.6640625 0.40703125 0.0078125 0.025
1 0.5953125 0.415625 0.009375 0.0359375
1 0.5390625 0.45234375 0.015625 0.0390625
1 0.2921875 0.4734375 0.0109375 0.04375
1 0.34453125 0.43984375 0.0109375 0.0390625
1 0.2015625 0.62734375 0.015625 0.0609375
1 0.21171875 0.4859375 0.0125 0.046875
0 0.66328125 0.43671875 0.003125 0.00625