1 0.40703125 0.55390625 0.0203125 0.0671875
1 0.89453125 0.36015625 0.01875 0.046875
1 0.4796875 0.47890625 0.0125 0.053125
1 0.72578125 0.42109375 0.01875 0.046875
1 0.68125 0.41171875 0.0125 0.04375
1 0.60703125 0.35234375 0.0125 0.0375
1 0.5265625 0.36796875 0.009375 0.040625
1 0.22109375 0.48359375 0.0203125 0.05625
1 0.48125 0.36484375 0.0125 0.04375
1 0.25078125 0.40703125 0.009375 0.046875
1 0.2359375 0.45546875 0.015625 0.053125
1 0.1484375 0.67734375 0.03125 0.0859375
1 0.2578125 0.39375 0.0078125 0.040625
1 0.2640625 0.3765625 0.009375 0.046875
1 0.346875 0.34375 0.0109375 0.0375
1 0.384375 0.35390625 0.009375 0.0390625
1 0.39765625 0.37578125 0.009375 0.040625
2 0.384375 0.41484375 0.0125 0.046875
1 0.3703125 0.440625 0.015625 0.053125
1 0.4703125 0.30390625 0.009375 0.03125
1 0.54765625 0.34296875 0.0140625 0.0375
1 0.6578125 0.64296875 0.021875 0.084375
0 0.6046875 0.3671875 0.003125 0.00625