1 0.23125 0.4765625 0.01875 0.0640625
1 0.31875 0.34609375 0.015625 0.053125
1 0.3640625 0.36484375 0.015625 0.0546875
0 0.284375 0.32265625 0.0046875 0.009375
1 0.29453125 0.30078125 0.0125 0.040625
1 0.40390625 0.3234375 0.0109375 0.04375
1 0.384375 0.303125 0.0125 0.03125
1 0.43359375 0.2828125 0.009375 0.040625
1 0.40703125 0.30625 0.00625 0.028125
1 0.48515625 0.4015625 0.015625 0.053125
1 0.5453125 0.37265625 0.015625 0.0546875
1 0.53828125 0.3078125 0.009375 0.04375
1 0.5765625 0.30234375 0.015625 0.04375
1 0.58359375 0.28203125 0.00625 0.040625
1 0.59609375 0.27578125 0.009375 0.040625
1 0.58359375 0.3625 0.009375 0.053125
1 0.64609375 0.31875 0.0125 0.0515625
1 0.7 0.36171875 0.0140625 0.05625
1 0.7375 0.375 0.015625 0.05625
1 0.6484375 0.63359375 0.0421875 0.1296875
1 0.753125 0.46015625 0.021875 0.0828125
2 0.54765625 0.33046875 0.0109375 0.0328125