1 0.4171875 0.603125 0.021875 0.0875
1 0.31796875 0.31015625 0.0125 0.04375
1 0.15078125 0.425 0.01875 0.059375
1 0.8484375 0.37421875 0.015625 0.05
1 0.784375 0.46640625 0.015625 0.059375
1 0.24453125 0.3578125 0.015625 0.05
1 0.825 0.4171875 0.015625 0.053125
1 0.38671875 0.3484375 0.015625 0.046875
1 0.46796875 0.3234375 0.015625 0.05
1 0.35625 0.32265625 0.0125 0.040625
2 0.91640625 0.8640625 0.065625 0.121875
1 0.38203125 0.4203125 0.015625 0.053125
1 0.634375 0.3921875 0.015625 0.05
1 0.77109375 0.3140625 0.0125 0.0390625
2 0.58046875 0.35625 0.015625 0.046875
1 0.7046875 0.35859375 0.015625 0.046875
1 0.0640625 0.37109375 0.0140625 0.040625
1 0.5328125 0.30546875 0.015625 0.046875
1 0.6921875 0.3296875 0.021875 0.053125
1 0.73671875 0.30390625 0.0203125 0.05
1 0.703125 0.29453125 0.021875 0.0625
1 0.5265625 0.27734375 0.025 0.046875