1 0.8140625 0.528125 0.01875 0.05625
1 0.8125 0.40546875 0.021875 0.046875
1 0.62421875 0.5671875 0.0171875 0.065625
1 0.5921875 0.4578125 0.0125 0.046875
1 0.678125 0.4171875 0.0125 0.040625
1 0.23359375 0.59921875 0.0171875 0.06875
1 0.57421875 0.55703125 0.01875 0.05625
1 0.4640625 0.38359375 0.0125 0.040625
1 0.04921875 0.39375 0.015625 0.046875
1 0.34453125 0.3921875 0.0125 0.046875
1 0.4515625 0.43359375 0.0125 0.046875
1 0.378125 0.39296875 0.0125 0.046875
1 0.36875 0.58046875 0.01875 0.0640625
1 0.38359375 0.35078125 0.0125 0.0375
1 0.31328125 0.57109375 0.01875 0.0625
1 0.31796875 0.503125 0.015625 0.05625
1 0.259375 0.52890625 0.015625 0.059375
1 0.3125 0.44296875 0.009375 0.0546875
1 0.3203125 0.45078125 0.0109375 0.0453125
1 0.4875 0.31328125 0.009375 0.034375
1 0.6 0.51875 0.015625 0.053125
2 0.45859375 0.46015625 0.0125 0.053125
2 0.4203125 0.27890625 0.009375 0.034375
2 0.890625 0.80078125 0.01875 0.084375
0 0.81796875 0.421875 0.00625 0.0125