1 0.65078125 0.58828125 0.015625 0.0625
1 0.834375 0.4625 0.01875 0.05625
1 0.90859375 0.3703125 0.0125 0.040625
1 0.3515625 0.58828125 0.021875 0.065625
1 0.59921875 0.50234375 0.015625 0.053125
1 0.5359375 0.5421875 0.01875 0.05625
1 0.4046875 0.471875 0.015625 0.04375
1 0.43515625 0.40234375 0.021875 0.053125
1 0.375 0.32578125 0.0125 0.034375
1 0.7609375 0.3953125 0.0125 0.040625
2 0.37734375 0.4203125 0.01875 0.04375
1 0.49375 0.55078125 0.015625 0.059375
1 0.621875 0.353125 0.009375 0.034375
1 0.190625 0.571875 0.0125 0.06875
1 0.69765625 0.32109375 0.0109375 0.0390625
1 0.5921875 0.30625 0.0125 0.034375
1 0.48828125 0.29921875 0.0125 0.034375
1 0.30703125 0.3984375 0.0125 0.0375
1 0.5546875 0.34921875 0.0125 0.0359375
1 0.6203125 0.3984375 0.015625 0.046875
1 0.16953125 0.55234375 0.015625 0.0609375
2 0.25859375 0.27265625 0.0140625 0.040625
0 0.646875 0.6 0.00625 0.015625