1 0.85 0.4703125 0.015625 0.046875
1 0.24765625 0.4921875 0.0125 0.04375
1 0.70390625 0.409375 0.0125 0.040625
1 0.73515625 0.4296875 0.0125 0.040625
1 0.86328125 0.59765625 0.015625 0.0625
1 0.4625 0.6359375 0.015625 0.0625
1 0.45390625 0.47109375 0.0125 0.040625
1 0.43359375 0.37734375 0.0171875 0.040625
1 0.32421875 0.42578125 0.015625 0.040625
1 0.8609375 0.39609375 0.0125 0.0390625
1 0.23046875 0.5375 0.015625 0.05
1 0.3015625 0.453125 0.015625 0.046875
1 0.49140625 0.41484375 0.0125 0.0359375
1 0.25546875 0.44609375 0.015625 0.046875
1 0.56953125 0.36796875 0.0125 0.0375
1 0.52109375 0.3609375 0.0125 0.0328125
1 0.1265625 0.41328125 0.0125 0.034375