1 0.8625 0.440625 0.015625 0.05625
1 0.6625 0.33046875 0.0125 0.0375
1 0.16875 0.55234375 0.01875 0.065625
1 0.14453125 0.4953125 0.0140625 0.0484375
1 0.55859375 0.496875 0.0171875 0.0546875
1 0.34453125 0.5171875 0.015625 0.053125
1 0.78359375 0.3734375 0.0125 0.04375
1 0.4375 0.4609375 0.0140625 0.0515625
1 0.625 0.4546875 0.015625 0.0484375
1 0.48046875 0.39453125 0.015625 0.040625
1 0.37734375 0.57265625 0.01875 0.0578125
1 0.6921875 0.54140625 0.015625 0.05
1 0.728125 0.31484375 0.0125 0.0375
1 0.6046875 0.36484375 0.0125 0.040625
1 0.38203125 0.3203125 0.0109375 0.034375
1 0.39609375 0.38828125 0.01875 0.04375
1 0.4375 0.3796875 0.0125 0.040625
1 0.6265625 0.29375 0.0125 0.034375
1 0.58203125 0.32734375 0.0125 0.0375
1 0.88203125 0.35078125 0.0125 0.0390625
1 0.48203125 0.296875 0.0125 0.034375
2 0.46328125 0.39296875 0.015625 0.05
2 0.21484375 0.2703125 0.0125 0.03125
0 0.628125 0.5484375 0.0140625 0.0203125