1 0.7625 0.41796875 0.015625 0.0546875
1 0.715625 0.45859375 0.015625 0.05625
1 0.77109375 0.5453125 0.015625 0.0625
1 0.61015625 0.65859375 0.01875 0.0734375
1 0.4546875 0.38984375 0.0125 0.046875
2 0.94296875 0.85859375 0.0203125 0.0875
1 0.16484375 0.68359375 0.025 0.08125
1 0.59375 0.459375 0.015625 0.053125
1 0.6546875 0.3625 0.015625 0.0484375
1 0.66953125 0.4578125 0.0140625 0.040625
1 0.57265625 0.45234375 0.0140625 0.046875
1 0.7375 0.41015625 0.0140625 0.046875
1 0.353125 0.3625 0.015625 0.04375
1 0.29296875 0.45625 0.01875 0.0546875
1 0.275 0.49296875 0.01875 0.065625
2 0.54765625 0.49375 0.01875 0.071875
1 0.43203125 0.43828125 0.0125 0.06875
1 0.42109375 0.415625 0.015625 0.0609375
1 0.30859375 0.39453125 0.0125 0.0515625
1 0.29921875 0.36328125 0.009375 0.040625
1 0.21328125 0.59140625 0.01875 0.075
0 0.728125 0.52421875 0.009375 0.040625
2 0.37109375 0.28671875 0.015625 0.04375