1 0.57109375 0.5171875 0.015625 0.05
1 0.65546875 0.56875 0.015625 0.05625
1 0.35859375 0.39375 0.015625 0.046875
1 0.64375 0.34453125 0.0125 0.034375
1 0.88984375 0.36171875 0.0125 0.0375
1 0.840625 0.45390625 0.0171875 0.0515625
1 0.17109375 0.5140625 0.015625 0.05
1 0.19453125 0.56171875 0.015625 0.06875
1 0.57578125 0.34296875 0.0125 0.0375
1 0.4921875 0.30078125 0.0125 0.03125
1 0.61171875 0.37890625 0.009375 0.0375
1 0.76328125 0.3859375 0.0140625 0.04375
1 0.425 0.45703125 0.0140625 0.046875
1 0.46328125 0.40234375 0.015625 0.040625
1 0.6078125 0.303125 0.009375 0.034375
1 0.42734375 0.51953125 0.015625 0.0515625
1 0.37109375 0.56875 0.0203125 0.05625
1 0.38828125 0.321875 0.015625 0.04375
1 0.43984375 0.38984375 0.015625 0.0453125
1 0.60625 0.47734375 0.015625 0.046875
1 0.7109375 0.3203125 0.021875 0.046875
2 0.2484375 0.2765625 0.0125 0.0375
0 0.60390625 0.55703125 0.0078125 0.0140625
2 0.42421875 0.4046875 0.01875 0.0453125