1 0.6328125 0.69609375 0.01875 0.075
1 0.7765625 0.5546875 0.015625 0.0515625
1 0.59765625 0.48046875 0.015625 0.0609375
1 0.63203125 0.36015625 0.0140625 0.046875
1 0.54296875 0.4765625 0.0109375 0.05625
1 0.21640625 0.678125 0.01875 0.0859375
1 0.78828125 0.42578125 0.015625 0.059375
1 0.734375 0.46171875 0.015625 0.05625
1 0.46171875 0.3921875 0.0140625 0.0453125
1 0.32265625 0.41015625 0.01875 0.0484375
1 0.26484375 0.51875 0.0140625 0.0546875
1 0.421875 0.41875 0.015625 0.04375
1 0.44296875 0.4515625 0.01875 0.053125
1 0.7515625 0.4140625 0.0125 0.04375
1 0.30703125 0.37109375 0.0125 0.04375
1 0.3609375 0.365625 0.015625 0.040625
1 0.7046875 0.49296875 0.01875 0.0546875
1 0.2765625 0.46015625 0.015625 0.059375
1 0.25703125 0.62109375 0.028125 0.10625
2 0.53828125 0.4859375 0.00625 0.0609375
0 0.76875 0.58984375 0.0125 0.021875