1 0.77421875 0.571875 0.015625 0.059375
1 0.76328125 0.38203125 0.0125 0.040625
1 0.421875 0.51875 0.0140625 0.046875
1 0.79140625 0.38359375 0.009375 0.040625
1 0.9 0.4578125 0.015625 0.053125
1 0.071875 0.54296875 0.0171875 0.053125
1 0.7359375 0.48515625 0.0125 0.05
1 0.59765625 0.428125 0.0109375 0.04375
2 0.46171875 0.4734375 0.0140625 0.0484375
1 0.41171875 0.42265625 0.0109375 0.0375
1 0.7515625 0.484375 0.0125 0.046875
1 0.146875 0.49609375 0.021875 0.0609375
1 0.3171875 0.43515625 0.0125 0.04375
1 0.51171875 0.36875 0.0125 0.0375
1 0.74375 0.48515625 0.028125 0.05
1 0.61953125 0.4046875 0.0125 0.040625
1 0.2828125 0.47734375 0.0125 0.05
1 0.2953125 0.41953125 0.009375 0.04375
1 0.43046875 0.3828125 0.009375 0.04375
1 0.33671875 0.37890625 0.009375 0.034375
1 0.37109375 0.39765625 0.0125 0.05625
2 0.9609375 0.84765625 0.03125 0.078125
0 0.428125 0.39375 0.00625 0.0125
1 0.77421875 0.571875 0.015625 0.059375
1 0.76328125 0.38203125 0.0125 0.040625
1 0.421875 0.51875 0.0140625 0.046875
1 0.79140625 0.38359375 0.009375 0.040625
1 0.9 0.4578125 0.015625 0.053125
1 0.071875 0.54296875 0.0171875 0.053125
1 0.7359375 0.48515625 0.0125 0.05
1 0.59765625 0.428125 0.0109375 0.04375
1 0.46171875 0.4734375 0.0140625 0.0484375
1 0.41171875 0.42265625 0.0109375 0.0375
1 0.7515625 0.484375 0.0125 0.046875
1 0.146875 0.49609375 0.021875 0.0609375
1 0.3171875 0.43515625 0.0125 0.04375
1 0.51171875 0.36875 0.0125 0.0375
1 0.74375 0.48515625 0.028125 0.05
1 0.61953125 0.4046875 0.0125 0.040625
1 0.77421875 0.571875 0.015625 0.059375
1 0.76328125 0.38203125 0.0125 0.040625
1 0.421875 0.51875 0.0140625 0.046875
1 0.79140625 0.38359375 0.009375 0.040625
1 0.9 0.4578125 0.015625 0.053125
1 0.071875 0.54296875 0.0171875 0.053125
1 0.7359375 0.48515625 0.0125 0.05
1 0.59765625 0.428125 0.0109375 0.04375
2 0.46171875 0.4734375 0.0140625 0.0484375
1 0.41171875 0.42265625 0.0109375 0.0375
1 0.7515625 0.484375 0.0125 0.046875
1 0.146875 0.49609375 0.021875 0.0609375
1 0.3171875 0.43515625 0.0125 0.04375
1 0.51171875 0.36875 0.0125 0.0375
1 0.74375 0.48515625 0.028125 0.05
1 0.61953125 0.4046875 0.0125 0.040625