1 0.43984375 0.60390625 0.021875 0.0546875
1 0.2609375 0.5171875 0.0125 0.0421875
1 0.753125 0.43984375 0.009375 0.040625
1 0.715625 0.42109375 0.0125 0.0390625
1 0.23359375 0.53671875 0.0171875 0.05
1 0.63984375 0.35859375 0.0109375 0.0375
1 0.87734375 0.41171875 0.0125 0.0453125
1 0.53203125 0.3625 0.0125 0.0328125
1 0.4265625 0.38125 0.01875 0.040625
1 0.85 0.478125 0.0125 0.05
1 0.26484375 0.45703125 0.015625 0.04375
1 0.590625 0.36953125 0.015625 0.0390625
1 0.4453125 0.49140625 0.015625 0.0515625
1 0.8515625 0.5984375 0.0171875 0.0625
1 0.3203125 0.4390625 0.025 0.05
1 0.49140625 0.42734375 0.0125 0.040625
1 0.7171875 0.3546875 0.0125 0.0328125
1 0.50859375 0.4484375 0.01875 0.0609375
1 0.14765625 0.40625 0.01875 0.0453125
1 0.6796875 0.33828125 0.0125 0.0359375
2 0.51640625 0.43359375 0.021875 0.046875
2 0.98828125 0.86328125 0.021875 0.0921875