1 0.5703125 0.409375 0.015625 0.0515625
1 0.22421875 0.38359375 0.0125 0.04375
1 0.71953125 0.50390625 0.01875 0.05625
1 0.23046875 0.57890625 0.0171875 0.059375
1 0.61015625 0.33125 0.0125 0.0375
1 0.43125 0.471875 0.0140625 0.046875
1 0.68671875 0.41171875 0.0140625 0.046875
1 0.1953125 0.43984375 0.015625 0.046875
1 0.40234375 0.36015625 0.0125 0.0375
1 0.33125 0.41875 0.015625 0.059375
2 0.89140625 0.690625 0.01875 0.0625
1 0.353125 0.4234375 0.015625 0.05
1 0.4765625 0.353125 0.0125 0.0359375
1 0.86953125 0.38984375 0.015625 0.046875
1 0.31875 0.32421875 0.0125 0.0296875
1 0.1953125 0.54921875 0.0171875 0.078125
1 0.19453125 0.5046875 0.0125 0.0484375
1 0.43828125 0.64453125 0.025 0.0796875
1 0.45859375 0.3015625 0.0125 0.0375
1 0.3671875 0.31796875 0.0140625 0.0375
2 0.35546875 0.4296875 0.0125 0.05
0 0.5296875 0.33203125 0.00625 0.0125
2 0.26015625 0.28671875 0.015625 0.0359375