1 0.2203125 0.7046875 0.021875 0.08125
1 0.52734375 0.4390625 0.0125 0.053125
1 0.82421875 0.378125 0.01875 0.05
1 0.3875 0.42109375 0.0140625 0.053125
1 0.83046875 0.5171875 0.015625 0.0609375
1 0.259375 0.5 0.015625 0.05625
1 0.66484375 0.3609375 0.0140625 0.04375
1 0.63671875 0.45546875 0.015625 0.05625
1 0.4234375 0.43046875 0.0140625 0.0484375
1 0.19375 0.52109375 0.0140625 0.059375
1 0.6109375 0.36875 0.0125 0.0421875
1 0.5890625 0.315625 0.0125 0.034375
1 0.3328125 0.325 0.009375 0.040625
2 0.484375 0.39765625 0.0140625 0.0515625
1 0.49140625 0.36875 0.009375 0.0390625
1 0.63203125 0.3125 0.015625 0.034375
1 0.28828125 0.42265625 0.015625 0.05625
1 0.2765625 0.4453125 0.009375 0.0515625
1 0.29375 0.39296875 0.015625 0.046875
1 0.303125 0.3515625 0.0125 0.05
1 0.31796875 0.340625 0.0125 0.0421875
2 0.92109375 0.859375 0.01875 0.1
2 0.3609375 0.278125 0.0125 0.034375
0 0.6265625 0.32421875 0.00625 0.0109375