1 0.8 0.4921875 0.0125 0.053125
1 0.32578125 0.44140625 0.0140625 0.0421875
1 0.153125 0.46953125 0.015625 0.0546875
1 0.5171875 0.38203125 0.0125 0.040625
1 0.11640625 0.41953125 0.0125 0.0375
1 0.3875 0.3234375 0.0125 0.034375
1 0.471875 0.35625 0.0140625 0.040625
1 0.85 0.40546875 0.0125 0.05
1 0.46875 0.5046875 0.015625 0.059375
1 0.4625 0.4140625 0.0125 0.040625
1 0.53359375 0.38984375 0.0109375 0.0390625
1 0.5609375 0.37265625 0.0140625 0.0390625
2 0.54375 0.33984375 0.0109375 0.034375
1 0.58046875 0.303125 0.009375 0.03125
1 0.7359375 0.328125 0.0125 0.040625
1 0.44375 0.309375 0.0125 0.0375
0 0.796875 0.42109375 0.00625 0.009375
1 0.60859375 0.3375 0.0109375 0.0359375
1 0.62109375 0.36953125 0.009375 0.0390625
1 0.67265625 0.31328125 0.009375 0.034375
1 0.66796875 0.2921875 0.009375 0.034375
1 0.7875 0.334375 0.0109375 0.0421875
2 0.13359375 0.2921875 0.0125 0.0359375