1 0.7609375 0.534375 0.025 0.053125
1 0.8796875 0.4328125 0.015625 0.05
1 0.7421875 0.3109375 0.0125 0.040625
1 0.44375 0.43984375 0.0125 0.040625
1 0.38203125 0.315625 0.0125 0.034375
1 0.603125 0.35234375 0.0125 0.0375
1 0.5015625 0.38203125 0.01875 0.05625
1 0.7890625 0.3625 0.015625 0.046875
1 0.5546875 0.46484375 0.015625 0.046875
1 0.17265625 0.52734375 0.015625 0.0625
1 0.86484375 0.3453125 0.0140625 0.04375
1 0.3125 0.4984375 0.015625 0.05625
1 0.4421875 0.3734375 0.0140625 0.0484375
1 0.13984375 0.47421875 0.0125 0.05
1 0.671875 0.31796875 0.0125 0.03125
1 0.475 0.29453125 0.0125 0.034375
1 0.59140625 0.31484375 0.0125 0.034375
1 0.64375 0.42734375 0.0125 0.046875
1 0.4046875 0.57265625 0.0265625 0.065625
1 0.640625 0.28125 0.015625 0.04375
0 0.72890625 0.55625 0.0109375 0.015625
2 0.19453125 0.2734375 0.015625 0.034375