1 0.81953125 0.565625 0.01875 0.05625
1 0.72265625 0.53203125 0.0171875 0.05625
1 0.5078125 0.37734375 0.0125 0.04375
1 0.26875 0.3609375 0.015625 0.046875
1 0.44296875 0.48046875 0.015625 0.05625
1 0.70625 0.440625 0.015625 0.05
2 0.39609375 0.428125 0.0140625 0.053125
1 0.246875 0.4546875 0.0203125 0.053125
1 0.4421875 0.3671875 0.0125 0.040625
1 0.73671875 0.4265625 0.015625 0.05625
1 0.32578125 0.42265625 0.015625 0.053125
2 0.88671875 0.81171875 0.01875 0.084375
1 0.25 0.39375 0.01875 0.053125
1 0.584375 0.4359375 0.0125 0.046875
1 0.40859375 0.753125 0.028125 0.084375
1 0.271875 0.63671875 0.021875 0.0828125
1 0.15546875 0.57265625 0.021875 0.053125
1 0.1578125 0.5421875 0.021875 0.0578125
1 0.48671875 0.29609375 0.015625 0.053125
0 0.7796875 0.59296875 0.01875 0.021875
2 0.30703125 0.2765625 0.0140625 0.0359375