1 0.79296875 0.50859375 0.01875 0.0546875
1 0.15625 0.48125 0.015625 0.059375
1 0.31796875 0.4578125 0.015625 0.0515625
1 0.8609375 0.41171875 0.01875 0.05
1 0.7453125 0.3375 0.0125 0.0359375
1 0.65703125 0.3125 0.0125 0.0375
1 0.7296875 0.31640625 0.0109375 0.0375
1 0.4359375 0.41484375 0.0140625 0.04375
1 0.1171875 0.4296875 0.0125 0.04375
2 0.53203125 0.34609375 0.0125 0.0375
1 0.6234375 0.38359375 0.01875 0.04375
1 0.45625 0.35859375 0.0109375 0.0390625
1 0.371875 0.315625 0.009375 0.034375
1 0.52578125 0.4109375 0.0140625 0.046875
1 0.57578125 0.3046875 0.0125 0.0359375
1 0.4546875 0.5234375 0.01875 0.0515625
1 0.50390625 0.38125 0.0125 0.0390625
1 0.4421875 0.29765625 0.0125 0.0421875
1 0.51953125 0.36640625 0.015625 0.0421875
1 0.65078125 0.28203125 0.0125 0.0296875
1 0.59296875 0.33671875 0.0125 0.04375
2 0.14375 0.28203125 0.0125 0.034375
1 0.79140625 0.33125 0.015625 0.04375
0 0.77890625 0.4890625 0.00625 0.021875