1 0.2203125 0.69609375 0.0203125 0.084375
1 0.84375 0.5 0.015625 0.059375
1 0.5046875 0.46796875 0.015625 0.053125
1 0.7953125 0.359375 0.0171875 0.0484375
1 0.925 0.84765625 0.021875 0.096875
1 0.5671875 0.328125 0.0125 0.0390625
1 0.2265625 0.4453125 0.0125 0.05625
1 0.25078125 0.44296875 0.015625 0.059375
1 0.396875 0.4453125 0.0125 0.0609375
1 0.6515625 0.37109375 0.0125 0.046875
2 0.48515625 0.4078125 0.0140625 0.0546875
1 0.4953125 0.3734375 0.0140625 0.046875
1 0.33515625 0.353125 0.0125 0.0453125
1 0.63203125 0.45703125 0.0125 0.0578125
1 0.6015625 0.30390625 0.0140625 0.0421875
2 0.9265625 0.84375 0.025 0.090625
1 0.2984375 0.40078125 0.015625 0.053125
1 0.5796875 0.3796875 0.009375 0.046875
1 0.36171875 0.31953125 0.0125 0.0390625
1 0.3515625 0.34375 0.0125 0.04375
1 0.21171875 0.5203125 0.015625 0.06875
1 0.17265625 0.52421875 0.0125 0.071875
1 0.40703125 0.440625 0.01875 0.05625
2 0.36015625 0.2703125 0.0140625 0.0390625
0 0.7875 0.37890625 0.00625 0.009375