1 0.7125 0.44375 0.015625 0.0453125
1 0.3203125 0.5625 0.025 0.0515625
1 0.44609375 0.4546875 0.0125 0.040625
1 0.75546875 0.4609375 0.0140625 0.0453125
1 0.8015625 0.59921875 0.021875 0.065625
2 0.93984375 0.8546875 0.021875 0.08125
1 0.52734375 0.36953125 0.0125 0.034375
1 0.2890625 0.6125 0.028125 0.0578125
1 0.8875 0.43203125 0.015625 0.046875
1 0.81796875 0.496875 0.0125 0.046875
1 0.2671875 0.5421875 0.0203125 0.053125
1 0.31796875 0.4328125 0.0125 0.040625
1 0.2875 0.45703125 0.015625 0.0421875
1 0.3828125 0.39296875 0.0140625 0.040625
1 0.75546875 0.36796875 0.0125 0.0359375
1 0.6046875 0.37421875 0.0125 0.0375
1 0.3734375 0.54140625 0.0234375 0.05625
1 0.703125 0.35703125 0.009375 0.0375
1 0.66796875 0.378125 0.0125 0.0359375
1 0.3609375 0.4296875 0.015625 0.046875
2 0.1953125 0.4 0.0125 0.046875
1 0.49375 0.4921875 0.015625 0.046875
2 0.4890625 0.46875 0.0171875 0.046875