1 0.540625 0.38125 0.0125 0.046875
2 0.42421875 0.43125 0.015625 0.05625
1 0.47421875 0.50390625 0.01875 0.059375
1 0.771875 0.42578125 0.015625 0.053125
1 0.29921875 0.3640625 0.015625 0.046875
1 0.4703125 0.37421875 0.0125 0.0375
1 0.33828125 0.428125 0.0171875 0.05
1 0.2390625 0.47109375 0.021875 0.05625
1 0.50234375 0.303125 0.0125 0.034375
1 0.3078125 0.45078125 0.015625 0.046875
2 0.34140625 0.27578125 0.0125 0.03125
1 0.8015625 0.60234375 0.0171875 0.059375
1 0.84921875 0.61796875 0.0234375 0.075
2 0.90390625 0.8 0.01875 0.0859375
1 0.26796875 0.41015625 0.025 0.06875
1 0.7328125 0.45078125 0.0140625 0.046875
1 0.15625 0.56796875 0.0265625 0.059375
1 0.15390625 0.609375 0.03125 0.06875
1 0.4 0.6625 0.021875 0.075
1 0.5421875 0.76171875 0.028125 0.0734375
1 0.621875 0.45625 0.021875 0.053125